713017620 9506870
713017620 9506870
713017620 9506870
713017620 9506870
713017620 9506870
713017620 9506871
713017620 9506870
713017620 9506870
713017620 9506870
713017620 9506870
713017620 9506870
713017620 9506870
713017620 9506871
713017620 9506870
713017620 9506870
713017620 9506870
713017620 9506870
713017620 9506870
713017620 9506870
713017620 9506870
713017620 9506870
713017620 9506870
713017620 9506870
713017620 9506870
713017620 9506870
713017620 9506870
713017620 9506870
713017620 9506869
713017620 9506870
713017620 9506870
