187501440 2494934 0.325 357490 485042 0.737028958317
65310630 869050 0.404 440613 485042 0.908401746653
119133210 1585229 0.042 404002 485045 0.832916533518
119612430 1591568 0.837 403676 485045 0.832244430929
217560000 2894543 5.375 337042 485042 0.694871784299
350262780 4660810 0.067 246771 485045 0.508758981125
88786530 1181326 3.076 424642 485041 0.87547650611
78353940 1042606 0.372 431743 485045 0.890109165129
165545520 2202852 0.048 372429 485045 0.767823603996
243362910 3238263 0.046 319492 485045 0.658685276624
272646780 3627929 0.049 299571 485045 0.617614860477
212988300 2832832 0.095 340155 485045 0.701285447742
45597930 606983 0.027 454026 485045 0.936049232545
53024370 705527 0.215 448974 485045 0.925633704089
360604230 4798545 0.053 239736 485045 0.494255172201
93287670 1241315 0.045 421583 485044 0.869164446937
231353010 3078457 0.052 327662 485045 0.675529074622
63584850 845899 8.017 441785 485040 0.910821787894
106072260 1411493 0.254 412882 485040 0.851232888009
138478410 1842243 8.332 390839 485042 0.805783829029
94898790 1262759 0.101 420488 485045 0.866905132513
289176930 3847862 0.246 288323 485042 0.594428936051
333337200 4435499 0.047 258285 485045 0.532496984816
186648840 2483041 8.622 358068 485040 0.738223651658
153375390 2040899 0.045 380708 485045 0.784892123411
174960870 2327931 2.591 366018 485039 0.754615608229
47797050 635999 0.354 452526 485041 0.932964429811
96364380 1282255 0.192 419489 485043 0.864849095853
102691260 1366202 6.688 415186 485044 0.855975952697
181962480 2421267 0.329 361260 485044 0.744798410041
