181887510 2420258 0.052 361312 485045 0.744904081065
52493700 698496 0.366 449333 485043 0.926377661362
202407240 2693276 0.296 347351 485043 0.716124137448
122659740 1632189 0.167 401603 485045 0.827970600666
96871530 1288822 5.429 419146 485045 0.864138378913
203719950 2710762 0.054 346460 485045 0.714284241668
163287600 2172571 0.038 373965 485045 0.770990320486
69382530 923241 0.038 437846 485045 0.90269150285
111656790 1485714 0.718 409086 485043 0.843401512856
147052920 1956752 0.103 385009 485045 0.793759341917
319182570 4247013 1.3 267912 485043 0.552346905326
233928450 3112796 0.047 325910 485045 0.671917038625
137499390 1828885 14.703 391502 485039 0.807155713252
161876400 2153982 0.039 374925 485045 0.772969518292
233638860 3108874 0.066 326107 485045 0.672323186508
288074430 3832375 8.245 289076 485045 0.595977692791
66852660 889725 0.05 439568 485046 0.906239820553
101116890 1345513 0.048 416258 485045 0.858184292179
264017880 3512931 2.005 305441 485045 0.629716830397
111567120 1484171 9.562 409149 485045 0.84352792009
111909630 1489153 0.085 408916 485045 0.843047552289
140251230 1866230 0.044 389636 485045 0.803298663011
117361860 1561333 7.858 405204 485042 0.835399821046
217515900 2894403 0.068 337075 485045 0.694935521446
73504410 978074 0.031 435036 485039 0.896909320694
151046910 2009710 3.253 382287 485040 0.788155616032
43698690 581465 0.302 455314 485041 0.938712397509
60287640 802051 0.06 444033 485045 0.91544702038
403945710 5376889 0.028 210252 485045 0.433469059572
115568460 1537765 0.704 406426 485044 0.83791573548
