138497520 1842879 0.264 390827 485043 0.805757427692
513834090 6837270 0.061 135498 485045 0.279351400386
323432340 4303687 0.057 265023 485045 0.546388479419
261226350 3475849 1.286 307338 485043 0.633630420396
62257440 828307 0.03 442693 485045 0.912684390108
47702970 634758 0.04 452594 485045 0.933096929151
199855320 2659363 0.046 349089 485045 0.719704357328
476453460 6339228 3.735 160923 485041 0.331771953299
339399480 4516071 0.775 254162 485046 0.523995662267
130694760 1739072 0.059 396130 485038 0.816698897818
67677330 900508 1.286 439004 485043 0.905082642157
66762990 888205 3.585 439627 485044 0.906365195735
506188620 6735503 0.075 140699 485045 0.290074116835
317849280 4229405 0.066 268821 485045 0.554218680741
87272430 1160793 15.782 425673 485042 0.877600290284
258433350 3438634 0.062 309240 485045 0.637549093383
159492060 2119044 34.025 376547 485045 0.776313537919
275989560 3672850 0.078 297297 485045 0.612926635673
109426800 1456146 0.04 410605 485045 0.84652970343
132645450 1764612 8.79 394805 485040 0.8139637968
479832990 6384836 0.052 158628 485045 0.327037697533
59154270 787120 0.245 444801 485042 0.917036050486
123412380 1641826 7.848 401085 485039 0.826912887417
227339910 3025060 0.042 330392 485045 0.681157418384
398068650 5296348 3.493 214245 485040 0.441705838694
180723270 2404948 0.036 362104 485045 0.746536919255
80219370 1067418 0.308 430470 485041 0.887491985214
262340610 3490796 0.059 306582 485045 0.632069189457
131926620 1755460 0.048 395300 485046 0.814974249865
133215810 1772228 8.202 394421 485044 0.813165403551
