222753510 2964000 0.383 333510 485043 0.687588523079
98994210 1317247 0.276 417701 485044 0.861161049307
85677480 1140044 0.232 426757 485041 0.879836962236
227157630 3022675 0.042 330517 485046 0.681413721585
354050970 4711131 0.042 244194 485045 0.503446072014
129055710 1716989 5.892 397250 485043 0.818999552617
278766390 3709056 3.034 295406 485043 0.60903053956
106511790 1417257 0.727 412588 485045 0.850617983898
114045540 1517506 0.646 407463 485045 0.840051953942
209524980 2787910 1.308 342506 485040 0.706139699819
71146530 946757 0.084 436646 485045 0.900217505592
217248360 2890146 0.056 337257 485045 0.695310744364
41631870 553870 7.357 456723 485044 0.94161148267
198060450 2635319 2.123 350305 485040 0.722218786079
49421400 657537 0.03 451425 485045 0.930686843489
91122360 1212706 0.028 423057 485045 0.87220154831
273994770 3646373 0.047 298655 485046 0.615725106485
290092740 3860064 0.047 287703 485045 0.593147027595
251289150 3342836 0.07 314101 485046 0.647569508871
348112170 4634128 0.039 248234 485045 0.511775196116
44000040 585470 0.827 455109 485041 0.938289752825
242182500 3222078 0.055 320295 485045 0.660340793122
156663780 2085440 0.028 378471 485045 0.780280180189
99291150 1321179 0.587 417496 485041 0.860743730942
105748860 1407063 0.031 413107 485045 0.851687987712
223963320 2980220 0.764 332684 485040 0.68588982352
558918990 7437181 0.038 104828 485045 0.2161201538
311782590 4148617 0.716 272948 485045 0.562727169644
92214570 1226819 6.756 422310 485041 0.870668665123
300041700 3992502 0.054 280936 485046 0.57919455062
