730639980 9722071 1443139 1940173 0.743819752156
730632630 9722063 1443145 1940174 0.743822461284
730650270 9722236 1443133 1940174 0.743816276272
730656150 9722281 1443134 1940179 0.743814874813
730739940 9722803 1443075 1940177 0.743785231966
730741410 9723319 1443075 1940178 0.743784848607
730695840 9722316 1443102 1940174 0.743800298324
730701720 9722332 1443100 1940176 0.743798500755
730647330 9722143 1443140 1940179 0.743817967311
730635570 9721997 1443137 1940168 0.743820638213
730653210 9722207 1443133 1940176 0.743815509521
730928100 9723979 1442949 1940179 0.743719522786
730917810 9725241 1442950 1940173 0.743722338163
730810500 9724233 1443025 1940175 0.743760227815
730936920 9725749 1442941 1940177 0.743716166102
730917810 9725030 1442956 1940179 0.743723130701
731692500 9733599 1442432 1940182 0.743451902966
730784040 9724326 1443043 1940175 0.743769505328
730806090 9723406 1443029 1940176 0.743761906136
730803150 9725154 1443027 1940172 0.743762408694
730641450 9722218 1443141 1940176 0.743819632858
730764930 9723290 1443055 1940174 0.743776073692
730775220 9724098 1443045 1940171 0.743772069575
730795800 9723683 1443031 1940171 0.743764853717
730697310 9722384 1443096 1940169 0.743799122654
730694370 9722809 1443093 1940164 0.743799493239
730634100 9722063 1443138 1940168 0.743821153632
730775220 9723719 1443052 1940178 0.743772994024
730778160 9725370 1443048 1940176 0.743771699062
730788450 9723762 1443043 1940178 0.743768355275
