458096640 6103388
461111296 6121008
531496960 7061367
477495296 6308046
564396032 7512833
559022080 7434097
530841600 7051261
572260352 7617486
518651904 6826146
539623424 7153828
558759936 7379128
424673280 5653635
450625536 5981659
424935424 5584660
481034240 6377987
576978944 7668923
520617984 6875211
558497792 7429379
572915712 7624597
560201728 7434643
531234816 7064375
566231040 7532135
558891008 7380581
544473088 7250085
566624256 7412991
531496960 7057538
537395200 7117258
525074432 6888205
371720192 4932989
398721024 5287837
