490733568 6510032
496631808 6608384
495452160 6572843
476708864 6339595
562954240 7478096
567803904 7559965
539623424 7096219
543948800 7237037
560070656 7460105
564658176 7493343
537133056 7142896
424804352 5633034
507379712 6711768
425197568 5646702
479330304 6363263
552468480 7349592
539361280 7180415
569507840 7551275
553517056 7360357
567279616 7558281
538050560 7159557
537133056 7138001
532283392 7092122
538443776 7177717
546701312 7233380
545914880 7273562
583008256 7698726
531496960 7080464
479592448 6320110
450887680 5974898
