458096640 6002040
461111296 6052764
531496960 6880540
477495296 6196854
564396032 7423581
559022080 7349982
530841600 6866648
572260352 7520661
518651904 6720522
539623424 7071171
558759936 7226498
424673280 5497557
450625536 5850823
424935424 5491133
481034240 6306295
576978944 7486099
520617984 6748129
558497792 7343815
572915712 7530835
560201728 7345524
531234816 6883385
566231040 7439141
558891008 7236005
544473088 7163350
566624256 7313667
531496960 6952425
537395200 6966314
525074432 6806936
371720192 4792833
398721024 5216050
