490733568 6389486
496631808 6511608
495452160 6413719
476708864 6183253
562954240 7379025
567803904 7450330
539623424 6945576
543948800 7150686
560070656 7297184
564658176 7400308
537133056 6961382
424804352 5529100
507379712 6549373
425197568 5537368
479330304 6275411
552468480 7167953
539361280 7010472
569507840 7460293
553517056 7280545
567279616 7477503
538050560 6984978
537133056 7057974
532283392 6926037
538443776 7093709
546701312 7135285
545914880 7168263
583008256 7529942
531496960 6975897
479592448 6188634
450887680 5880331
