948830208 12391526
957743104 12564372
1026949120 13294259
954204160 12380107
1127350272 14802606
1126825984 14800312
1070465024 13812224
1116209152 14671347
1078722560 14017706
1104281600 14471479
1095892992 14187880
849477632 11026657
958005248 12400196
850132992 11028501
960364544 12581706
1129447424 14654052
1059979264 13758601
1128005632 14804108
1126432768 14811380
1127481344 14823027
1069285376 13868363
1103364096 14497115
1091174400 14162042
1082916864 14257059
1113325568 14448952
1077411840 14120688
1120403456 14496256
1056571392 13782833
851312640 10981467
849608704 11096381
