618471630 8229696 0.06 64316 485045 0.132598006371
509140380 6774873 0.076 138690 485044 0.285932822589
628979190 8369503 0.037 57168 485045 0.11786122937
627087300 8344346 0.04 58455 485045 0.12051459143
451282650 6004960 0.182 178047 485042 0.36707542852
410554830 5474049 0.012 205756 485045 0.424199816512
417316830 5550754 15.476 201156 485045 0.414716160356
450656430 6003931 0.032 178476 485045 0.36795761218
514248630 6856629 0.007 135216 485045 0.27877001103
598356150 7962030 0.055 78000 485045 0.160809821769
509152140 6788677 0.008 138683 485045 0.285917801441
223539960 2980525 0.006 332978 485046 0.686487467168
168137130 2236400 15.389 370663 485042 0.764187431192
269814090 3590274 0.042 301498 485045 0.62158768774
628332390 8377743 0.009 57608 485045 0.118768361698
480025560 6384860 15.356 158493 485041 0.326762067537
607198200 8079671 0.042 71985 485045 0.148408910513
670715430 8924866 0.046 28776 485045 0.0593264542465
436553250 5820695 0.006 188070 485045 0.387737220258
503583780 6699366 8.81 142471 485045 0.293727386119
323183910 4309107 0.007 265193 485046 0.546737835174
613242840 8160039 0.044 67874 485046 0.139933119745
684283530 9117727 0.028 19546 485045 0.0402972920038
530540640 7059509 0.688 124128 485040 0.255912914399
464862510 6198149 0.008 168812 485045 0.348033687596
670833030 8922774 15.454 28696 485045 0.059161521096
448466130 5967505 0.046 179966 485045 0.371029492109
596196720 7949268 0.006 79469 485045 0.163838406746
433348650 5777967 0.011 190251 485046 0.392232901622
562142700 7477082 15.437 102632 485042 0.211594047526
