220003140 2927462 0.286 335379 485041 0.691444640762
586681410 7806666 0.083 85942 485045 0.177183560288
423148320 5630621 0.088 197189 485045 0.406537537754
425726700 5664870 0.461 195430 485040 0.402915223487
597953370 7956651 0.075 78274 485045 0.16137471781
671520990 8942383 0.032 28228 485045 0.0581966621654
680923110 9060893 0.082 21833 485046 0.0450122256446
611434740 8133417 0.029 69103 485045 0.142467193766
602719110 8036233 0.005 75032 485045 0.154690801884
454068300 6042148 0.035 176155 485045 0.36317248915
606302970 8084018 0.005 72594 485045 0.149664464122
578940390 7717079 0.028 91208 485045 0.188040284922
576188550 7667174 0.029 93080 485045 0.191899720644
462783930 6153337 0.029 170226 485045 0.350948881032
240680160 3205762 0.03 321317 485045 0.66244781412
617583750 8217990 0.028 64920 485045 0.133843251657
650916000 8661461 0.028 42245 485045 0.087095011803
378344190 5034436 0.028 227668 485045 0.469375006443
679688310 9062486 0.006 22672 485045 0.0467420548609
549546270 7312561 0.031 111204 485045 0.229265325898
688481850 9179734 0.006 16691 485046 0.0344111692499
449936130 5986986 0.544 178962 485041 0.368962623778
408243990 5439597 0.032 207328 485045 0.42744075292
556590510 7406263 0.039 106412 485045 0.219385830181
604197930 8044563 0.029 74026 485045 0.152616767516
441011760 5868456 0.028 185037 485045 0.381484192188
604192050 8039818 0.03 74030 485045 0.152625014174
520994460 6942083 0.029 130627 485045 0.269309033182
683063430 9107488 0.01 20376 485045 0.0420084734406
387421440 5155363 0.028 221493 485045 0.456644228886
