838474770 11157158 399695 970086 0.412020171407
1095821790 14581539 224632 970089 0.231558135388
1052127510 14000124 254357 970090 0.262199383562
1052814000 14009216 253885 970085 0.261714179685
1049236020 13961611 256321 970087 0.264224755099
1082075820 14416432 233984 970090 0.241198239339
1098239940 14611647 222989 970091 0.229864002449
1062091170 14137348 247579 970090 0.255212402973
1116967740 14892862 210248 970090 0.216730406457
1052424450 14004178 254155 970090 0.26199115546
1115455110 14872695 211277 970090 0.217791132781
802480350 10697604 424186 970091 0.437264132952
744325680 9903574 463743 970087 0.478042691016
732598020 9743611 471724 970090 0.486268284386
869012550 11583505 378925 970090 0.390608087909
1097609310 14602850 223413 970086 0.230302261861
1258114200 16741132 114230 970090 0.117751961158
1049059620 13959302 256444 970090 0.264350730345
1116241560 14883181 210742 970090 0.217239637559
1053130050 14011927 253675 970090 0.261496356008
1011665760 13488841 281884 970092 0.290574502212
1063178970 14147025 246836 970087 0.254447281532
1092527520 14557324 226874 970090 0.233869022462
1087131150 14465772 230540 970085 0.237649278156
1069060440 14242712 242838 970090 0.250325227556
1111844790 14791230 213733 970090 0.220322856642
1052658180 14007323 253996 970090 0.261827253141
1117191180 14891351 210096 970090 0.216573719964
1116412080 14885455 210627 970091 0.217120868042
949564140 12632445 324125 970087 0.334119517115
