713017620 9506870
713017620 9506870
713017620 9506870
713017620 9506870
713017620 9506870
713017620 9506870
713017620 9506870
713017620 9506870
713017620 9506870
713017620 9506870
713017620 9506870
713017620 9506870
713017620 9506870
713017620 9506870
713017620 9506870
713017620 9506870
713017620 9506870
713017620 9506870
713017620 9506870
713017620 9506870
713017620 9506870
713017620 9506870
713017620 9506870
713017620 9506870
713017620 9506870
713017620 9506870
713017620 9506870
713017620 9506870
713017620 9506870
713017620 9506871
