532713300 7088549 0.033 122655 485045 0.252873444732
429453150 5714514 0.05 192900 485045 0.397695059221
249900000 3325234 0.046 315045 485045 0.649517055119
440820660 5863360 10.227 185164 485042 0.381748384676
112740180 1499909 6.664 408349 485043 0.841882059941
385657440 5131771 0.028 222693 485045 0.459118226144
628170690 8358737 0.071 57718 485045 0.11899514478
597186030 7962457 0.004 78796 485045 0.162450906617
669458580 8894911 0.649 29631 485045 0.0610891772928
359947140 4789108 4.248 240178 485040 0.495171532245
643100010 8560313 0.06 47562 485045 0.0980568813203
598933860 7969699 0.076 77607 485045 0.159999587667
386257200 5139741 0.038 222286 485046 0.458278183925
555174900 7387431 0.042 107375 485045 0.22137121298
111127590 1478102 15.382 409445 485042 0.844143393768
191618910 2547129 0.028 354692 485045 0.731255862858
595170660 7935587 0.007 80168 485046 0.165279169398
296950290 3951338 0.135 283038 485045 0.583529363255
631747200 8406294 0.06 55285 485045 0.11397911534
477814680 6358042 0.062 160001 485045 0.329868362729
153235740 2039059 0.035 380803 485045 0.785087981527
173711370 2310544 15.361 366870 485041 0.756369049214
324836190 4323059 5.392 264068 485045 0.544419589935
681208290 9082752 0.003 21638 485045 0.0446102938903
670214160 8936164 0.006 29117 485045 0.0600294818007
79893030 1060960 0.046 430697 485046 0.887950833529
396741240 5279318 0.039 215153 485045 0.443573276706
438501000 5835116 0.028 186745 485045 0.385005514952
407475180 5419845 15.382 207846 485040 0.428513112321
682269630 9096901 0.006 20916 485045 0.0431217722067
