515583390 6860580 0.172 134303 485040 0.276890565727
265712790 3534259 15.413 304284 485041 0.627336658138
429357600 5713245 0.033 192965 485045 0.397829067406
543788280 7235919 0.033 115121 485045 0.237340865281
478017540 6360459 0.027 159863 485045 0.329583853045
588430710 7820866 0.556 84752 485045 0.174730179674
690223800 9202957 0.004 15506 485046 0.0319681019945
135073890 1796882 10.127 393158 485045 0.810559844963
449600970 5982621 0.06 179194 485045 0.369437887206
582500730 7748453 12.572 88785 485044 0.183045249503
619555020 8244094 0.067 63579 485045 0.131078559721
471543660 6272017 15.447 164263 485041 0.33865796912
542734290 7236436 0.006 115838 485045 0.238819078642
644805210 8567182 132.184 46403 485046 0.0956672150683
315976500 4204516 0.039 270095 485045 0.556845241163
382907070 5093583 0.031 224564 485045 0.462975600202
530046720 7053053 0.076 124469 485045 0.25661330392
188204100 2504175 0.042 357015 485045 0.736045109217
434908320 5787206 0.029 189189 485045 0.390044222701
699724410 9329633 0.008 9042 485045 0.0186415693389
641018490 8546889 0.007 48979 485046 0.100978051566
385284060 5126774 0.049 222947 485045 0.459641888897
486861060 6472864 32.546 153843 485041 0.317175249103
170622900 2269497 14.829 368973 485043 0.760701628515
182634270 2429227 15.634 360799 485040 0.743854115125
684155640 9122049 0.003 19633 485045 0.040476656805
576372300 7669480 0.116 92955 485045 0.191642012597
605038770 8048901 0.359 73454 485045 0.15143749549
368264400 4898586 13.287 234522 485042 0.483508644612
593164110 7900543 0.275 81532 485045 0.168091620365
