669305700 8924080 0.005 29735 485045 0.0613035903885
649391610 8657412 0.028 43282 485045 0.0892329577668
671603310 8954685 0.005 28172 485045 0.05808120896
676245570 9015314 0.03 25014 485045 0.0515704728427
618012990 8223518 0.03 64628 485045 0.133241245658
633402420 8428353 0.069 54159 485045 0.111657681246
645503460 8589390 0.034 45927 485045 0.0946860600563
381898650 5081724 0.086 225250 485045 0.464389901968
612381420 8148637 0.086 68459 485045 0.141139481904
560184660 7469108 0.008 103967 485045 0.214345060768
692422920 9232280 0.007 14009 485045 0.0288818563226
678444690 9045903 0.007 23518 485045 0.0484862229278
328230420 4367200 3.488 261756 485042 0.539656359655
405024690 5389451 0.067 209518 485045 0.431955797916
415001580 5521910 0.049 202731 485045 0.417963281757
353185140 4699651 0.06 244783 485045 0.504660392335
218596350 2907561 15.363 336334 485039 0.693416405691
444829350 5919180 0.027 182440 485045 0.376130049789
390180630 5189826 15.294 219617 485046 0.452775613035
595238280 7920524 0.107 80121 485045 0.165182611923
432034470 5748854 0.111 191144 485045 0.394074776567
594397440 7883531 198.582 80690 485042 0.166356727871
680995140 9079911 0.006 21783 485045 0.0449092352256
94603320 1258839 0.062 420688 485044 0.867319253511
375371850 4992979 14.461 229690 485045 0.473543691822
226131570 3003009 0.028 331214 485045 0.682852106506
282307620 3765549 0.027 292999 485045 0.604065602161
580761720 7727903 0.071 89969 485045 0.185485882753
338723280 4516298 0.008 254621 485045 0.524943046521
531388830 7070912 0.079 123556 485045 0.25473100434
