145463850 1934773 3.837 386090 485045 0.795988001113
300941340 3999227 0.03 280323 485045 0.577931944459
288735930 3840344 0.212 288626 485045 0.59504994382
172475100 2293785 0.029 367715 485045 0.7581049181
253351560 3367743 38.801 312693 485041 0.644673336893
153031410 2034310 1.95 380942 485045 0.785374552877
76845720 1022423 0.029 432769 485045 0.892224432785
350790510 4659071 0.028 246412 485045 0.508018843612
118096860 1571281 0.034 404707 485045 0.834370006907
211146390 2807529 0.04 341408 485045 0.703868713212
80792670 1075082 0.029 430084 485045 0.88668886392
126248010 1679379 0.029 399162 485045 0.82293807791
341542740 4544750 0.029 252704 485046 0.520989761796
163164120 2169181 0.027 374049 485045 0.771163500294
619981320 8249808 0.028 63289 485045 0.130480677051
540057420 7174291 0.03 117659 485045 0.242573369481
253256010 3364263 0.029 312762 485045 0.644810275335
533176350 7094704 0.036 122340 485045 0.252224020452
211556520 2815097 0.027 341130 485046 0.703294120558
133530390 1774263 0.029 394208 485045 0.812724592564
299899110 3983433 0.135 281033 485046 0.579394531653
345499980 4589486 0.029 250011 485045 0.515438773722
231868980 3084860 0.029 327311 485045 0.674805430424
504812700 6704168 0.026 141636 485046 0.292005294343
326362050 4334386 0.029 263030 485045 0.542279582307
431691960 5741914 15.682 191377 485045 0.394555144368
302836170 4023504 1.458 279034 485045 0.575274459071
162940680 2168385 0.316 374201 485045 0.77147687328
370401780 4919967 0.029 233071 485045 0.480514179097
116823840 1554530 0.028 405573 485045 0.836155408261
