1863066240 24807982 672783 1940175 0.34676408056
1645498890 21905412 820789 1940176 0.423048733723
1639596840 21833508 824808 1940180 0.425119318826
1833329610 24408378 693014 1940177 0.357191122253
1462122270 19451629 945533 1940174 0.487344434056
1760521980 23415300 742546 1940180 0.382720159985
2040743670 27173507 551920 1940181 0.284468304761
1464949080 19500134 943616 1940180 0.48635487429
1849537830 24597450 681991 1940180 0.351509138327
1713778920 22814198 774338 1940174 0.399107502729
2035870620 27111769 555234 1940180 0.286176540321
1875170220 24966998 664550 1940176 0.34252047237
1598764650 21288127 852584 1940179 0.439435742785
1768168920 23513245 737345 1940181 0.380039284995
1462086990 19454336 945560 1940177 0.487357596755
1467768540 19514654 941698 1940180 0.485366306219
1597069740 21260464 853733 1940175 0.440028863376
1463160090 19469397 944833 1940180 0.486982135678
1668392670 22198423 805221 1940182 0.415023435946
1906307760 25382462 643372 1940180 0.331604284139
1526187810 20318235 901959 1940182 0.464883706786
1498892850 19910335 920518 1940173 0.474451505098
1724561370 22960694 767005 1940176 0.395327537296
1451247210 19315256 952935 1940178 0.491158543185
1554582330 20692756 882636 1940175 0.454925973173
1421872200 18927932 972921 1940181 0.501458884506
1558257330 20737851 880141 1940180 0.453638837634
1787242170 23780305 724369 1940180 0.373351441619
1484864640 19754696 930060 1940172 0.4793698703
1923646410 25622886 631577 1940180 0.325524951293
