713017620 9506865
712972050 9506262
711819570 9490900
713017620 9506867
713011740 9506805
713016150 9506855
713017620 9506867
713017620 9506867
712278210 9497010
712620720 9501583
713017620 9506869
713017620 9506869
713016150 9506864
712688340 9502475
713013210 9506821
712951470 9505982
712683930 9502415
712554570 9500697
712554570 9500692
713017620 9506858
713013210 9506808
712686870 9502461
712686870 9502459
713016150 9506862
713011740 9506793
713017620 9506869
713016150 9506858
713017620 9506867
712747140 9503262
713017620 9506864
