713017620 9506863
712983810 9506434
711826920 9490996
713017620 9506870
713017620 9506865
713017620 9506870
713017620 9506868
713017620 9506866
712147380 9495277
713017620 9506865
713017620 9506868
713017620 9506866
713017620 9506866
712686870 9502467
712997040 9506599
713013210 9506801
712287030 9497136
712553100 9500684
712542810 9500546
713017620 9506871
713013210 9506816
712217940 9496212
712619250 9501569
713016150 9506853
712885320 9505101
713016150 9506841
713017620 9506867
712945590 9505914
712686870 9502452
712947060 9505926
