713016150 9506858
712991160 9506526
712814760 9504173
713017620 9506862
712620720 9501582
713017620 9506860
713017620 9506870
713017620 9506871
713013210 9506813
713016150 9506859
713014680 9506834
713017620 9506867
713017620 9506869
712622190 9501591
713011740 9506784
713016150 9506866
712156200 9495382
712422270 9498931
713017620 9506864
712413450 9498812
713017620 9506867
712216470 9496189
712686870 9502457
713017620 9506865
713017620 9506870
712948530 9505943
712950000 9505965
713017620 9506869
712686870 9502452
712951470 9505984
