713017620 9506865
713008800 9506756
712614840 9501498
713017620 9506859
712686870 9502467
713017620 9506868
713017620 9506866
713017620 9506868
712159140 9495429
713017620 9506863
712882380 9505074
713017620 9506864
713017620 9506862
712683930 9502421
713014680 9506839
713013210 9506817
712220880 9496259
712551630 9500651
713017620 9506867
712414920 9498834
712999980 9506626
712422270 9498928
712686870 9502469
713013210 9506814
712951470 9505985
713016150 9506856
713017620 9506864
713008800 9506754
709186800 9455798
713017620 9506863
