338327850 4501879 0.695 254890 485045 0.52549763424
421743000 5611983 0.269 198114 485014 0.40847068332
354318510 4724088 0.219 243198 484231 0.502235503303
428019900 5684551 110.223 193873 485043 0.39970270677
375752580 4999942 0.537 229427 485041 0.473005374803
461984250 6144823 15.972 170769 485044 0.352069090639
310521330 4131931 0.348 273806 485045 0.564496077684
439431510 5845026 14.61 186106 485039 0.383692857688
391594770 5210925 0.188 218152 484543 0.450222168105
352747080 4703387 0.016 244812 484776 0.505000247537
431577300 5739701 20.469 191456 485046 0.39471720208
432826800 5747016 83.81 190601 485041 0.392958533402
414270990 5523611 0.051 203227 485044 0.418986731101
268194150 3575344 0.325 302376 484821 0.623685855192
346584840 4599037 180.103 249263 485035 0.513907243807
479969700 6384022 16.02 158489 484999 0.326782117077
460750920 6143327 0.012 171382 484818 0.353497601162
405115830 5385408 35.943 209142 484731 0.431459923133
349210260 4656167 0.113 247173 484731 0.509917871974
430685010 5730896 0.322 192061 485044 0.395966139154
440786850 5877139 0.02 185187 485042 0.38179580325
364082250 4854418 0.027 237145 484820 0.489140299493
439554990 5845760 20.508 185798 484815 0.383234842156
480523890 6393490 4.422 158157 485044 0.326067325851
338932020 4509883 1.22 254474 485040 0.524645390071
455763210 6076826 0.016 175002 485045 0.360795390118
328062840 4363558 15.916 261866 485038 0.539887596436
337666350 4488835 36.303 255338 485043 0.5264234305
371502810 4953417 0.019 232138 484861 0.478772266691
380428650 5072365 0.024 226250 485045 0.46645156635
