174511050 2321592 0.251 366330 485045 0.755249512932
213826200 2846420 0.74 339562 485022 0.700096078116
191236710 2539610 0.267 354142 484235 0.73134325276
170500890 2266533 0.552 369057 485044 0.760873240366
149449020 1988465 3.872 383374 485040 0.790396668316
185137680 2458655 0.214 359101 485045 0.740345741117
170112810 2259053 0.306 369322 485045 0.761418012762
164094630 2183517 0.271 373415 485044 0.769857992265
290746890 3868467 3.685 286665 484452 0.591730450076
246172080 3275783 0.509 317581 485045 0.65474543599
215400570 2865891 0.149 338514 485045 0.697902256492
173848080 2308651 0.876 366780 485044 0.75617882089
199276140 2647244 0.191 349482 485044 0.720516076892
287227710 3820727 12.703 289427 484820 0.596978259973
188287890 2500354 0.365 356945 485032 0.735920516584
211441860 2808263 1.003 341204 485042 0.703452484527
184724610 2458018 0.277 358884 484547 0.740658800901
188315820 2506313 0.483 356623 484729 0.735716245572
229493460 3047596 0.38 328604 484722 0.677922603059
189116970 2516486 0.313 356394 485045 0.734764815636
250435080 3325507 2.622 314679 485043 0.648765161027
223453230 2967424 0.684 332492 484501 0.686256581514
239821680 3190972 0.263 321630 484774 0.663463799626
220025190 2927438 4.452 335366 485043 0.69141498795
198208920 2637446 0.822 350119 484955 0.72196183151
260842680 3463905 0.438 307600 485044 0.634169271241
228579120 3035452 0.367 329549 485045 0.67941943531
241773840 3216065 13.052 320524 484996 0.660879677358
248235960 3296168 0.329 315952 484820 0.651689286746
191639490 2550035 0.297 354630 484997 0.731200399178
