193512270 2574956 0.228 353403 485044 0.728599879599
202899690 2699283 8.502 346995 485022 0.715421156154
235003020 3120769 0.495 325041 484907 0.670316163718
123932760 1647477 0.617 400736 485044 0.826184840963
242470620 3226275 2.128 319829 484775 0.659747305451
186281340 2473654 1.702 358323 485045 0.738741766228
317308320 4213672 0.851 269189 485045 0.554977373233
215350590 2865603 0.187 338548 485045 0.697972353081
166893510 2220768 0.174 371509 485042 0.765931610046
209477940 2787392 0.291 342539 485041 0.706206279469
201350310 2678777 7.127 348068 485041 0.717605315839
290739540 3860932 0.5 287264 485046 0.59224073593
258620040 3435088 5.687 309113 485045 0.637287262007
187400010 2493230 0.46 357293 484776 0.737026998036
237693120 3156394 0.548 323345 485041 0.666634366992
205629480 2731195 0.411 345160 485044 0.711605545064
264952800 3525615 0.234 304219 484459 0.627956132511
228707010 3044027 0.416 329057 484640 0.678972020469
216094410 2869556 1.664 338043 485046 0.696929775733
247057020 3287463 0.556 316568 484634 0.653210463979
163815330 2175329 2.118 373604 485043 0.770249235635
213111780 2830083 0.331 339526 484500 0.700776057792
220929240 2939591 2.558 334522 484814 0.6900007013
248382960 3305145 0.304 316077 485045 0.65164469276
228927510 3045521 0.261 329312 485045 0.678930820852
192661140 2558984 0.234 353936 484998 0.729767957806
166437810 2210515 7.254 371776 484999 0.766550034124
142669380 1899271 0.293 387991 485045 0.799907225103
183579480 2437578 4.776 359931 484815 0.742408960119
212404710 2826338 0.511 340507 485000 0.70207628866
