241174080 3209169 0.232 320979 485043 0.661753700187
201043080 2674592 8.414 348271 485035 0.718032719288
169517460 2251142 0.489 369453 484771 0.76211860858
289685550 3850934 0.252 287980 485045 0.593718108629
250659990 3335204 2.303 314304 484821 0.648288749869
284098080 3772551 2.035 291777 485041 0.601551209073
127121190 1688043 1.908 398567 485044 0.8217130817
261298380 3477160 0.469 307291 485045 0.633530909503
186174030 2477401 0.555 357812 484461 0.738577511915
167343330 2226726 0.334 371206 485045 0.765302188457
207172980 2756235 7.068 344019 484953 0.709386270422
156306570 2075373 0.272 378714 485045 0.780781164634
173264490 2302257 0.244 367178 485045 0.756997804327
157075380 2090086 0.636 377964 484818 0.779599767335
219754710 2918204 0.393 335549 485042 0.691793700339
243205620 3229605 0.865 319590 485036 0.658899545601
188570130 2509186 0.352 356222 484501 0.735234808597
219698850 2922643 8.985 335273 484728 0.691672443102
189096390 2511149 0.564 356408 485045 0.734793678937
191083830 2542751 0.397 354646 484635 0.731779586699
231504420 3074589 0.28 327547 485033 0.675308690337
192355380 2554460 0.374 353785 484639 0.729996966814
193121250 2569762 0.424 353441 484816 0.729020906901
186285750 2478452 5.579 358318 485043 0.738734503951
174874140 2327036 0.25 366038 485000 0.754717525773
206981880 2748115 7.99 344241 485045 0.709709408405
215975340 2867769 0.249 338123 485045 0.697096145718
211388940 2813570 0.246 341236 485038 0.703524259955
203004060 2695332 7.367 344338 482436 0.713748559394
209435310 2786626 3.051 342571 485044 0.706267884975
