947525250 12607596 1295602 1940177 0.667775156597
1039511970 13832278 1232942 1940093 0.635506648393
950075700 12635609 1291834 1938144 0.666531485793
1012139100 13449495 1251646 1940176 0.645119824181
1018332210 13549886 1246934 1939677 0.642856516832
1117501350 14849683 1179970 1940175 0.608177097427
925063650 12292699 1310884 1940179 0.675651061062
1080175110 14371306 1205360 1940173 0.621264186235
1035409200 13777561 1234138 1938498 0.636646517046
975740430 12993288 1276138 1939907 0.657834628155
1055501160 14040604 1222057 1940085 0.629898690006
1053720990 13991972 1223359 1940176 0.630540219032
1045431660 13908200 1229000 1940178 0.633447034241
899897250 11979387 1327060 1939235 0.684321394777
992320560 13173989 1265102 1940150 0.652064015669
1140246660 15153085 1164443 1940121 0.600190915927
1098998460 14636146 1190707 1938325 0.614296880038
1041837510 13858391 1230095 1938828 0.634452875655
983894520 13084468 1270228 1939544 0.654910638789
1057942830 14077596 1219669 1939358 0.628903482493
1086541680 14452564 1201017 1940161 0.619029554764
993002640 13206385 1262948 1938460 0.651521310731
1093427160 14546085 1195391 1939219 0.616429088205
1135217790 15104525 1167918 1940175 0.601965286637
940942590 12519886 1299943 1940040 0.670059895672
1116248910 14847830 1180779 1940132 0.608607558661
939055110 12477294 1301314 1940127 0.670736503332
933498510 12417741 1305089 1940122 0.672683985852
1006322310 13382495 1252359 1936932 0.646568387532
993908160 13235364 1263958 1940086 0.651495861524
