181272576 2401734
203554816 2687710
187170816 2451055
174718976 2315337
172359680 2272316
174981120 2321771
192544768 2525940
187301888 2455329
170131456 2244900
178782208 2354967
180879360 2402398
173670400 2302346
184549376 2450974
192282624 2552837
191758336 2539555
189530112 2522898
182976512 2430007
200015872 2660218
182976512 2430276
185204736 2444406
190447616 2519986
182976512 2418436
172228608 2288664
166723584 2213669
177340416 2359156
178782208 2345513
190185472 2529256
174063616 2318263
193724416 2574364
179437568 2388404
