179568640 2370359
177078272 2336483
182845440 2405419
202899456 2671980
182059008 2414060
178520064 2366999
170393600 2241492
194248704 2563803
176947200 2334445
178913280 2359300
183894016 2430062
202375168 2677927
186908672 2472464
192020480 2528886
164364288 2187317
187695104 2494729
179437568 2389867
181141504 2410182
200409088 2662495
178913280 2364422
197656576 2606111
189399040 2501983
216793088 2882706
192675840 2550688
185597952 2467620
177995776 2352094
184418304 2421363
177471488 2339859
182059008 2426583
182845440 2422617
