193855488 2569387
179306496 2380136
177995776 2370510
177864704 2349044
207749120 2728753
196870144 2608753
184942592 2431769
183369728 2443972
208666624 2753398
197001216 2616222
197525504 2627132
186384384 2428543
177995776 2353445
183631872 2427480
184156160 2452775
182976512 2425291
188874752 2496099
188350464 2493850
182714368 2431196
189399040 2508982
181403648 2386493
180486144 2389233
173670400 2312948
194510848 2584096
198836224 2645307
197525504 2608836
190578688 2529178
195821568 2600111
175112192 2325026
187301888 2486690
