184025088 2439274
178388992 2357245
192937984 2530277
184549376 2445415
178257920 2340997
189005824 2513189
194379776 2554259
176160768 2305514
184549376 2434198
187826176 2492596
177078272 2354866
181272576 2390959
192937984 2553584
171704320 2264869
195166208 2595063
172883968 2286884
183894016 2435700
170655744 2258382
172097536 2281961
184418304 2438620
170917888 2254695
188612608 2506552
176816128 2320717
180617216 2398739
174981120 2323338
189923328 2500138
174718976 2322957
191102976 2545715
187957248 2480306
190316544 2519703
