181272576 2356468
203554816 2638919
187170816 2415683
174718976 2267233
172359680 2236042
174981120 2271382
192544768 2481505
187301888 2423005
170131456 2198597
178782208 2303429
180879360 2359235
173670400 2250056
184549376 2380608
192282624 2510583
191758336 2494958
189530112 2483788
182976512 2381787
200015872 2601781
182976512 2370446
185204736 2409956
190447616 2483635
182976512 2359903
172228608 2233843
166723584 2176347
177340416 2309967
178782208 2297394
190185472 2472455
174063616 2274966
193724416 2511942
179437568 2329863
