179568640 2324680
177078272 2309241
182845440 2365991
202899456 2622005
182059008 2369564
178520064 2310443
170393600 2202490
194248704 2528035
176947200 2298632
178913280 2304252
183894016 2382450
202375168 2622162
186908672 2418431
192020480 2484176
164364288 2156491
187695104 2462347
179437568 2344673
181141504 2350956
200409088 2607860
178913280 2320080
197656576 2560524
189399040 2451540
216793088 2853197
192675840 2511669
185597952 2428541
177995776 2309587
184418304 2385365
177471488 2303098
182059008 2365414
182845440 2367200
