193855488 2514174
179306496 2333654
177995776 2314524
177864704 2314391
207749120 2685899
196870144 2555839
184942592 2388320
183369728 2398455
208666624 2702432
197001216 2561170
197525504 2559012
186384384 2398397
177995776 2297186
183631872 2390102
184156160 2396909
182976512 2386885
188874752 2460427
188350464 2442039
182714368 2371908
189399040 2462169
181403648 2343062
180486144 2337870
173670400 2269872
194510848 2532488
198836224 2584841
197525504 2543296
190578688 2472257
195821568 2543749
175112192 2271981
187301888 2420948
