184025088 2389877
178388992 2319379
192937984 2491029
184549376 2387266
178257920 2303809
189005824 2457312
194379776 2516772
176160768 2274645
184549376 2395849
187826176 2448149
177078272 2291073
181272576 2338578
192937984 2488368
171704320 2229460
195166208 2544567
172883968 2265762
183894016 2406701
170655744 2208456
172097536 2240380
184418304 2404793
170917888 2214379
188612608 2441738
176816128 2287364
180617216 2359281
174981120 2271393
189923328 2450122
174718976 2279666
191102976 2483248
187957248 2433160
190316544 2465887
