738721792 9585199
738328576 9601193
740950016 9587227
740032512 9590895
740425728 9595314
739377152 9594976
742260736 9589087
741081088 9624140
740294656 9595510
742522880 9617000
739377152 9591770
743702528 9609193
742391808 9584593
739639296 9614321
735444992 9592925
733085696 9598782
735182848 9593588
740163584 9603232
738197504 9590594
737935360 9596998
740425728 9601600
741474304 9591051
739508224 9644276
734527488 9579785
736755712 9594742
744226816 9600399
739901440 9609743
738459648 9605061
738852864 9582497
739901440 9583898
