565313536 7463886
605814784 8015527
713293824 9505765
704249856 9389254
631635968 8392560
635568128 8456460
632029184 8359430
629276672 8347241
697827328 9235265
645922816 8565798
625344512 8317304
620363776 8252063
612630528 8135176
700055552 9325215
622460928 8230927
657981440 8764983
639762432 8524284
594935808 7913086
697958400 9252595
629145600 8333912
719323136 9529743
711065600 9476937
708968448 9449479
653787136 8699333
645529600 8570678
663486464 8799502
655360000 8736875
725876736 9640094
604241920 8023075
627441664 8302961
