697696256 9195300
642908160 8533891
621805568 8280883
626917376 8346483
705298432 9384406
711589888 9484522
718405632 9573351
609222656 8088923
616693760 8213340
634519552 8455059
620363776 8225714
715390976 9538066
578682880 7706085
639107072 8488748
636878848 8424217
665190400 8828642
719192064 9547679
603717632 8026452
625344512 8310731
630587392 8392676
649854976 8630808
644612096 8571398
644743168 8578736
653262848 8652005
633602048 8385170
711720960 9473447
713162752 9503825
600047616 7944333
713555968 9475238
627965952 8338473
