574750720 7550402
671875072 8920663
605290496 7997084
632422400 8407213
649461760 8645318
643170304 8541213
628621312 8291898
715259904 9492106
618397696 8237108
711458816 9440268
725090304 9598287
613416960 8120705
656015360 8681619
650641408 8667485
717750272 9505224
709754880 9461616
638976000 8430965
716570624 9518410
633995264 8417036
718929920 9525821
631111680 8371462
651821056 8643028
652869632 8647856
717357056 9533713
713293824 9501510
662568960 8807174
650772480 8569212
620363776 8253359
619839488 8217943
699006976 9275297
