125698048 1650702
106823680 1389226
97779712 1291040
102891520 1367446
84279296 1101711
94240768 1255537
96075776 1250376
95551488 1244175
116654080 1524489
92667904 1205407
105250816 1368805
111935488 1454039
125304832 1631724
85983232 1124228
101056512 1312153
75235328 981933
83492864 1094277
110886912 1451312
112590848 1469059
97910784 1280926
69468160 920435
87556096 1143506
89260032 1164611
85196800 1110204
94502912 1228749
77201408 1007256
82837504 1075465
107347968 1413660
98828288 1289696
111149056 1446587
