565313536 7383757
605814784 7877608
713293824 9363836
704249856 9373248
631635968 8264786
635568128 8328201
632029184 8221076
629276672 8219067
697827328 9094225
645922816 8427270
625344512 8189335
620363776 8130789
612630528 8011237
700055552 9299484
622460928 8103169
657981440 8621205
639762432 8389003
594935808 7784279
697958400 9111055
629145600 8188539
719323136 9384891
711065600 9464907
708968448 9430525
653787136 8560000
645529600 8453143
663486464 8673443
655360000 8599270
725876736 9494560
604241920 7905186
627441664 8188221
