697696256 9056723
642908160 8406208
621805568 8150545
626917376 8089377
705298432 9269283
711589888 9473721
718405632 9432805
609222656 7963686
616693760 8077228
634519552 8320066
620363776 8051083
715390976 9391336
578682880 7575017
639107072 8359046
636878848 8291597
665190400 8682128
719192064 9404305
603717632 7899248
625344512 8177019
630587392 8258234
649854976 8493028
644612096 8435775
644743168 8439560
653262848 8500826
633602048 8251202
711720960 9389329
713162752 9492334
600047616 7755777
713555968 9330544
627965952 8221845
