574750720 7396163
671875072 8783386
605290496 7899305
632422400 8277630
649461760 8544226
643170304 8414454
628621312 8177833
715259904 9346748
618397696 8134168
711458816 9321820
725090304 9451746
613416960 7991097
656015360 8544011
650641408 8536674
717750272 9361631
709754880 9453146
638976000 8307199
716570624 9375205
633995264 8286481
718929920 9387315
631111680 8240106
651821056 8508949
652869632 8510362
717357056 9455422
713293824 9478038
662568960 8676679
650772480 8441430
620363776 8134886
619839488 8089750
699006976 9172172
