125698048 1605039
106823680 1375436
97779712 1267649
102891520 1327198
84279296 1091190
94240768 1222876
96075776 1236147
95551488 1232345
116654080 1506662
92667904 1192446
105250816 1352837
111935488 1435914
125304832 1613870
85983232 1112686
101056512 1293832
75235328 972092
83492864 1077640
110886912 1434764
112590848 1449968
97910784 1262678
69468160 900812
87556096 1132686
89260032 1150987
85196800 1096332
94502912 1216345
77201408 995864
82837504 1064568
107347968 1386703
98828288 1276623
111149056 1429358
