1963458560 25441682
2027421696 26442638
2038169600 26681335
2066481152 27067453
2070675456 27169485
2084569088 27439252
2075131904 27067861
2049310720 26761846
2049572864 26812283
2084569088 27261602
2076049408 27045001
2061107200 26949136
1972633600 25744135
2075787264 27307890
2078146560 27050229
2108162048 27728571
2081423360 27178147
2026110976 26493496
2069889024 27024523
2076573696 27096766
2069757952 27018837
2095054848 27542317
2095841280 27531434
2109603840 27612580
2086928384 27398728
2114977792 27735315
2102132736 27597602
2053636096 26771926
2036465664 26602103
2065563648 27011596
