369360896 4911882
362283008 4825649
352190464 4647930
367263744 4848073
389939200 5196990
377356288 5027244
378798080 4993300
375390208 4989382
378142720 5018304
349962240 4657931
335544320 4444298
380764160 4999403
360972288 4772875
362545152 4790193
364118016 4797531
372637696 4949365
370802688 4920100
390332416 5179456
401211392 5293531
354025472 4682127
367263744 4874099
365166592 4864938
372768768 4952232
350617600 4651774
334364672 4441494
349962240 4644574
382074880 5062399
353763328 4683826
374865920 4986858
355074048 4727245
