364904448 4862195
369754112 4901894
385613824 5067491
369360896 4922977
342097920 4560147
358481920 4724421
357695488 4738640
357302272 4731875
352845824 4699592
380370944 5066675
401342464 5331317
358350848 4696553
373161984 4939247
375783424 4982564
370278400 4905468
359530496 4789536
365035520 4850200
344457216 4553578
337117184 4474384
382468096 5086618
370933760 4893472
367263744 4874779
363724800 4784545
386793472 5077921
398983168 5302750
382861312 5086346
356777984 4714314
381681664 5085825
361365504 4776707
379715584 5044785
