369360896 4810229
362283008 4753853
352190464 4572376
367263744 4767702
389939200 5098446
377356288 4927037
378798080 4918226
375390208 4911061
378142720 4955055
349962240 4583051
335544320 4358570
380764160 4929542
360972288 4710320
362545152 4695420
364118016 4741114
372637696 4869704
370802688 4820127
390332416 5089670
401211392 5196456
354025472 4598701
367263744 4772750
365166592 4809421
372768768 4852980
350617600 4542636
334364672 4359638
349962240 4581352
382074880 4945175
353763328 4599341
374865920 4879194
355074048 4635572
