364904448 4776151
369754112 4830232
385613824 5003316
369360896 4823670
342097920 4474990
358481920 4658798
357695488 4652810
357302272 4662946
352845824 4616105
380370944 4999683
401342464 5217590
358350848 4640723
373161984 4866805
375783424 4886825
370278400 4838594
359530496 4718333
365035520 4744055
344457216 4482446
337117184 4374084
382468096 4976100
370933760 4804501
367263744 4802794
363724800 4723834
386793472 5024134
398983168 5231232
382861312 4997706
356777984 4622851
381681664 4978141
361365504 4693388
379715584 4943992
