734265344 9586380
732037120 9584085
737804288 9575692
736624640 9591372
732037120 9573436
735838208 9585835
736493568 9571036
732692480 9574007
730988544 9571160
730333184 9582734
736886784 9576160
739115008 9570265
734134272 9577125
738328576 9582245
734396416 9579708
732168192 9588037
735838208 9564182
734789632 9572116
738328576 9570540
736493568 9574801
738197504 9577251
732430336 9612215
736493568 9576814
737411072 9566770
733347840 9590870
732823552 9579058
738852864 9568026
735444992 9577482
736231424 9572582
734789632 9579564
