504365056 6719230
431489024 5743135
416022528 5460154
460718080 6141010
341704704 4548347
562823168 7481664
487063552 6477499
397279232 5285658
417726464 5537811
442630144 5771756
533725184 7106039
410779648 5439327
402653184 5302458
489684992 6473445
432537600 5750243
425721856 5657130
382468096 5092292
325189632 4276986
358088704 4758949
414449664 5507890
432930816 5675265
359137280 4788284
481427456 6324678
424280064 5464378
498991104 6595549
368705536 4899398
303824896 4033377
476446720 6341723
386924544 5154438
366870528 4846036
