213385216 2786741
230162432 3030484
213778432 2796924
221118464 2917720
200146944 2656095
206569472 2729567
208273408 2764602
221380608 2928145
227147776 2975527
192544768 2514819
211025920 2791032
218890240 2829779
198967296 2628584
210108416 2784459
195952640 2566729
227803136 2993930
219414528 2872331
220856320 2929589
193724416 2530878
225837056 2998698
210894848 2780846
195952640 2603096
219021312 2874905
211288064 2791612
222035968 2832305
222953472 2932172
218103808 2862076
219414528 2908846
209190912 2780615
203554816 2692692
