243007488 3157487
199622656 2654447
197001216 2569066
237502464 3163436
231342080 3074836
220987392 2919698
214433792 2856865
215744512 2835713
205783040 2725125
218103808 2844068
244842496 3216730
210108416 2731888
251658240 3292397
216137728 2880727
217317376 2883401
227672064 2990599
214302720 2836890
219807744 2912368
216793088 2881416
225968128 2957596
218890240 2805684
197787648 2622875
188874752 2434203
228327424 3016775
236847104 3156938
221118464 2928187
211419136 2803096
232783872 3069522
212336640 2825670
225312768 2894239
