227409920 2950651
207618048 2740069
230031360 3047510
217579520 2891257
175505408 2338733
247463936 3262938
241696768 3207917
198311936 2621395
227803136 2972743
228458496 3014528
249561088 3298119
239599616 3130987
216530944 2815729
251527168 3208983
223477760 2961129
202506240 2671457
221118464 2926519
204734464 2674567
191758336 2554587
203685888 2692675
212336640 2796805
214564864 2827401
246415360 3237868
206962688 2728566
226623488 2948981
213385216 2808167
203816960 2707388
204341248 2696280
212205568 2819044
212336640 2783003
