504365056 6559545
431489024 5689255
416022528 5404013
460718080 6101116
341704704 4505829
562823168 7430194
487063552 6429028
397279232 5243234
417726464 5338273
442630144 5580547
533725184 7061624
410779648 5210491
402653184 5175647
489684992 6320641
432537600 5641367
425721856 5602299
382468096 4866740
325189632 4225836
358088704 4592892
414449664 5396697
432930816 5452007
359137280 4753717
481427456 6184384
424280064 5411596
498991104 6443348
368705536 4864088
303824896 3998620
476446720 6283026
386924544 5099372
366870528 4685668
