213385216 2686776
230162432 2947092
213778432 2727220
221118464 2846345
200146944 2591460
206569472 2685539
208273408 2683045
221380608 2863830
227147776 2900789
192544768 2427432
211025920 2724190
218890240 2754706
198967296 2527559
210108416 2684102
195952640 2507409
227803136 2901392
219414528 2811484
220856320 2801020
193724416 2485600
225837056 2890503
210894848 2680798
195952640 2548824
219021312 2763265
211288064 2730498
222035968 2798985
222953472 2837719
218103808 2769642
219414528 2878019
209190912 2715592
203554816 2601633
