243007488 3071865
199622656 2577622
197001216 2501892
237502464 3070125
231342080 3024301
220987392 2871162
214433792 2779717
215744512 2781157
205783040 2617138
218103808 2742355
244842496 3150073
210108416 2657012
251658240 3160372
216137728 2772865
217317376 2773283
227672064 2888092
214302720 2748061
219807744 2805594
216793088 2811899
225968128 2870682
218890240 2772160
197787648 2576591
188874752 2372670
228327424 2943415
236847104 3053420
221118464 2842643
211419136 2692272
232783872 3023609
212336640 2770749
225312768 2833969
