227409920 2861628
207618048 2673508
230031360 2951600
217579520 2818229
175505408 2290706
247463936 3219871
241696768 3119180
198311936 2565335
227803136 2883586
228458496 2908776
249561088 3222319
239599616 3058005
216530944 2728969
251527168 3167783
223477760 2882889
202506240 2582559
221118464 2833159
204734464 2593964
191758336 2494167
203685888 2586381
212336640 2706691
214564864 2785338
246415360 3111083
206962688 2679438
226623488 2892348
213385216 2724446
203816960 2601053
204341248 2649655
212205568 2767795
212336640 2691220
