1188167680 15179814
1068892160 13887477
1056833536 13584725
1136918528 14835815
948699136 12412296
1237843968 16206766
1151467520 15010970
1032716288 13453556
1078460416 13739786
1081737216 13659110
1239154688 16158206
1079377920 13680214
1069809664 13592547
1167458304 14945391
1069285376 13804948
1083703296 13974342
1037303808 13259444
970588160 12426414
960364544 12384558
1069940736 13744263
1075052544 13611656
967442432 12664470
1135738880 14431402
1070858240 13764947
1184497664 15188101
1026162688 13268896
937164800 12061587
1132986368 14834309
1020657664 13353508
1008074752 12812490
