713013210 9506816
713013210 9506829
713016150 9506850
712788300 9503825
712600140 9501309
713017620 9506867
713017620 9506871
712686870 9502473
713017620 9506870
712354650 9498039
713017620 9506863
713016150 9506870
712420800 9498915
712622190 9501602
713017620 9506869
713017620 9506869
712900020 9505299
712488420 9499808
712622190 9501595
713017620 9506868
713017620 9506863
713017620 9506866
713017620 9506864
712951470 9505982
713017620 9506870
712417860 9498867
712148850 9495280
713017620 9506871
713017620 9506863
713017620 9506864
