713017620 9506869
712404630 9498689
712947060 9505942
712819170 9504230
712620720 9501587
712416390 9498860
712939710 9505836
713017620 9506862
713017620 9506862
712488420 9499812
712686870 9502468
712951470 9505991
713017620 9506866
712622190 9501600
713017620 9506869
713017620 9506864
713017620 9506865
711894540 9491909
712622190 9501597
713017620 9506857
712951470 9505988
713017620 9506869
713017620 9506863
712951470 9505985
712947060 9505941
713016150 9506851
711934230 9492434
713017620 9506866
713017620 9506867
712950000 9505969
