310152360 4126894 0.737 274053 485041 0.565009968229
326076870 4338873 1.028 263221 485042 0.542676716655
415598400 5529936 0.264 202324 485044 0.417125044326
348503190 4636928 0.232 247812 484889 0.511069543751
414786960 5519260 0.37 202593 484761 0.417923471566
300163710 3993982 0.506 280851 485044 0.579021697001
358293390 4767399 0.274 241308 485045 0.497496108608
294640920 3920480 0.415 284378 484814 0.586571344887
463933470 6173079 0.261 169445 485046 0.349338000932
358336020 4767999 0.58 240826 484592 0.496966520289
355454820 4729710 0.436 243232 485038 0.501469987918
439266870 5844998 0.496 186223 485044 0.38393011768
311779650 4148554 0.21 272544 484639 0.562364976818
322072590 4284771 7.769 265677 484774 0.548043005607
270462360 3598744 0.863 301057 485045 0.620678493748
450550590 5994120 5.819 178547 485044 0.36810474926
288652140 3840779 0.451 288600 484962 0.59509817264
311465070 4144367 0.33 272804 484685 0.562848035322
357180600 4752631 0.399 241797 484777 0.498779851354
398600790 5303872 0.275 213888 485045 0.440965271263
458081400 6095213 0.413 173422 485042 0.357540171779
422385390 5620013 0.4 197708 485045 0.407607541568
303966600 4043947 7.284 278265 485045 0.573689039161
387662520 5158243 0.258 221284 485000 0.456255670103
440376720 5859655 0.352 185469 485045 0.382374831201
403040190 5362155 0.301 210460 484637 0.434263170167
380083200 5057487 0.32 225894 484454 0.466285756749
395127180 5257654 0.317 216251 485045 0.445836984197
324927330 4323568 0.224 264005 485044 0.544290827224
355590060 4731399 0.515 243147 485045 0.501287509406
