420183330 5591082 0.542 199206 485045 0.410695914812
403231290 5365559 0.386 210321 484628 0.433984416914
313821480 4175691 0.393 271509 484993 0.559820451017
381328290 5073776 2.195 225501 484908 0.465038728996
314929860 4190542 0.26 270538 484776 0.558068056174
429379650 5713368 0.25 192541 484636 0.39728992481
371518980 4943341 0.506 232252 484986 0.478883926546
435709470 5797552 0.199 188645 485046 0.388921875451
266327250 3543717 0.445 303871 485046 0.626478725729
371083860 4937627 0.398 232247 484685 0.479171007974
374608920 4984604 0.26 229984 484820 0.47436986923
291048240 3872761 0.366 287008 485000 0.591769072165
418603080 5569054 0.337 200281 485045 0.412912204022
407783880 5426130 0.224 207372 484776 0.427768701421
459735150 6117246 0.206 172299 485044 0.355223443646
279814500 3722650 0.261 294695 485045 0.607562184952
441451290 5873912 0.197 184739 485046 0.380869030979
417722550 5558246 0.286 200115 484280 0.413221689931
372349530 4954451 1.157 231475 484774 0.477490541985
331530570 4411369 0.607 259514 485045 0.535030770341
272164620 3621427 0.262 299855 485001 0.618256457203
307748910 4093928 0.374 275692 485045 0.568384376707
426204450 5671277 0.228 195110 485045 0.402251337505
342245400 4553836 1.04 252180 485000 0.519958762887
289666440 3854297 0.506 287944 484996 0.593703865599
326813340 4348821 0.266 262722 485044 0.541645706369
348820710 4641085 0.597 247015 484308 0.510037001247
334896870 4455689 4.639 257225 485046 0.530310527249
405102600 5390398 0.244 209466 485046 0.431847701043
374134110 4978112 0.473 230484 484997 0.475227681821
