730335690 9717976 473259 970086 0.487852623376
729308160 9704432 473542 969670 0.488353769839
729419880 9705627 473833 970037 0.488468996543
729831480 9710704 473313 969797 0.488053685462
729716820 9709802 473131 969537 0.48799684798
729543360 9707350 473392 969680 0.488194043396
729812370 9710740 473560 970031 0.4881905836
730350390 9718032 473023 969860 0.487722970326
730260720 9716796 473316 970092 0.48790836333
729419880 9705626 473073 969277 0.488067910412
730063740 9714314 473216 969858 0.487922974291
730315110 9717759 473231 970044 0.487844881263
730382730 9717608 472825 969684 0.487607302998
729856470 9710901 473049 969550 0.487905729462
730197510 9715990 473356 970089 0.487951105517
730365090 9716770 473242 970089 0.487833590526
730103430 9714691 473339 970008 0.487974325985
729187620 9702613 472919 968965 0.48806613242
729530130 9707082 473272 969551 0.488135229606
730131360 9715241 473402 970090 0.487998020802
730246020 9716640 473277 970043 0.487892804752
730134300 9713941 473400 970090 0.487995959138
730171050 9715224 473375 970090 0.487970188333
729907920 9712079 473464 970000 0.488107216495
730043160 9713952 473413 970041 0.488034010934
729853530 9710976 473182 969681 0.487976973871
728903910 9698572 472909 968762 0.488158082171
730024050 9713343 473476 970091 0.488073799262
730029930 9713966 473471 970090 0.488069148223
729724170 9709511 473631 970042 0.488258240365
