713017620 9506868
713017620 9506860
713016150 9506860
712686870 9502467
713016150 9506861
713017620 9506869
713017620 9506869
713017620 9506868
713017620 9506865
713017620 9506866
713017620 9506863
713017620 9506870
713017620 9506864
713017620 9506863
713017620 9506869
713017620 9506866
713017620 9506868
713017620 9506868
713017620 9506865
713017620 9506866
712819170 9504210
712885320 9505108
713017620 9506862
713013210 9506824
713017620 9506871
713017620 9506868
713017620 9506864
713017620 9506864
713014680 9506831
713013210 9506777
