713017620 9506824
713011740 9506802
712999980 9506637
713017620 9506868
713017620 9506869
713017620 9506865
713017620 9506870
713017620 9506870
713016150 9506858
713017620 9506866
713017620 9506866
712819170 9504226
713017620 9506863
713017620 9506866
713016150 9506855
713017620 9506867
713016150 9506864
713017620 9506868
713017620 9506868
713017620 9506868
712819170 9504228
713017620 9506870
713017620 9506863
713016150 9506845
713017620 9506869
713017620 9506857
713017620 9506865
713017620 9506805
713017620 9506867
713017620 9506868
