693926730 9252331 0.009 12986 485045 0.0267727736602
693697410 9249262 0.59 13142 485045 0.0270943933037
700671090 9341952 0.341 8397 485044 0.0173118315039
689945970 9199262 0.015 15469 484820 0.0319066870179
713016150 9506866 0.011 23 485044 4.74183785389e-05
713017620 9506876 0.055 18 485045 3.71099588698e-05
700712250 9342803 0.31 8370 485045 0.0172561308745
695187990 9269106 0.229 12128 485045 0.0250038656207
681121560 9081592 0.009 21697 485045 0.0447319320888
674680020 8995703 0.008 26079 485045 0.0537661454092
704105010 9388032 0.405 6062 485045 0.0124978094816
701810340 9357446 0.089 7623 485045 0.0157160675814
690873540 9211339 0.313 15063 485045 0.0310548505809
700382970 9338409 0.013 8594 485045 0.0177179436959
713017620 9506851 0.302 18 485045 3.71099588698e-05
703005450 9373377 0.027 6810 485045 0.0140399344391
713017620 9506873 0.008 20 485045 4.12332876331e-05
685194930 9117324 0.97 18926 485045 0.0390190600872
692753670 9236682 0.02 13784 485045 0.0284179818367
683298630 9110622 0.609 20216 485045 0.0416786071395
696330180 9284374 0.023 11216 484910 0.023130065373
694092840 9254549 0.012 12783 484955 0.026359146725
702270450 9363573 0.024 7310 485045 0.0150707666299
702318960 9364240 0.014 7274 485042 0.0149966394663
713017620 9506859 0.085 14 485045 2.88633013432e-05
713017620 9506894 0.014 34 485045 7.00965889763e-05
713017620 9506868 0.007 23 485045 4.74182807781e-05
694497090 9259883 0.901 12598 485045 0.0259728478801
699401010 9325315 0.421 9260 485043 0.019091090893
704041800 9387163 0.042 6102 485042 0.0125803538663
