701016540 9346817 0.009 8163 485045 0.0168293663475
701658930 9355437 0.228 7722 485041 0.0159203036444
694627920 9261280 0.302 12497 485033 0.0257652572093
673842120 8984530 0.043 26649 485045 0.0549412941067
713017620 9506877 0.019 29 485045 5.9788267068e-05
713017620 9506873 0.01 23 485045 4.74182807781e-05
695658390 9275414 0.227 11808 485045 0.0243441330186
700122780 9334944 0.023 8771 485045 0.0180828582915
685568310 9140892 0.018 18672 485045 0.0384953973343
690081210 9201053 0.018 15602 485045 0.0321660876826
692161260 9228816 0.015 14187 485045 0.0292488325825
693885570 9251792 0.027 12879 484910 0.0265595677548
674741760 8996301 0.477 26037 485045 0.0536795555052
695764230 9276830 0.008 11736 485045 0.0241956931831
713016150 9506837 0.263 12 485044 2.47400235855e-05
692399400 9231933 0.254 14025 485045 0.0289148429527
713016150 9506869 0.01 25 485044 5.15417158031e-05
681688980 9070839 0.287 21311 485045 0.0439361296375
673074780 8974308 0.016 27171 485045 0.056017482914
653079840 8707705 0.109 40774 485046 0.0840621301897
699467160 9326180 0.134 9082 484910 0.0187292487266
702358650 9364766 0.009 7250 485045 0.014947066767
694138410 9255147 0.016 12842 485045 0.0264758939892
693928200 9252346 0.016 12984 485044 0.0267687055195
713017620 9506879 0.011 26 485045 5.3603273923e-05
713017620 9506862 0.037 19 485045 3.91716232515e-05
713017620 9506870 0.009 20 485045 4.12332876331e-05
700951860 9345935 0.527 8207 485045 0.0169200795802
696047940 9280611 0.013 11544 485046 0.0237998045546
692424390 9232300 0.025 14008 485045 0.0288797946582
