1394943270 18599148 21149 970090 0.0218010700038
1395356340 18604699 20864 970086 0.0215073715114
1395299010 18603232 20894 970077 0.0215384964286
1363788090 18183792 42118 969865 0.0434266624736
1426033770 19013743 52 970089 5.36033291791e-05
1426035240 19013749 41 970090 4.22641198239e-05
1396370640 18618217 20178 970090 0.0208001319465
1395310770 18604050 20899 970090 0.0215433619561
1366689870 18222484 40369 970090 0.0416136647115
1364761230 18196756 41681 970090 0.0429661165459
1396266270 18616848 20249 970090 0.0208733210321
1395695910 18609238 20502 969955 0.0211370630596
1365615300 18207640 41100 970090 0.042367203043
1396147200 18615239 20330 970090 0.0209568184395
1426033770 19013688 30 970089 3.09249976033e-05
1395404850 18605310 20835 970090 0.0214773886959
1426033770 19013742 45 970089 4.6387496405e-05
1366883910 18188163 40237 970090 0.0414775948623
1365828450 18210990 40955 970090 0.0422177323753
1336378470 17818327 60990 970091 0.0628703905098
1395797340 18610554 20298 969820 0.0209296570498
1396451490 18619315 20033 970000 0.0206525773196
1396408860 18618720 20152 970090 0.0207733303096
1396247160 18616586 20258 970086 0.020882684628
1426035240 19013738 40 970090 4.12332876331e-05
1426035240 19013756 53 970090 5.46341061139e-05
1426035240 19013738 43 970090 4.43257842056e-05
1395448950 18605818 20805 970090 0.0214464637302
1395448950 18605926 20804 970089 0.0214454550046
1396466190 18619463 20110 970087 0.0207300994653
