704380928 9353232
710803456 9426251
706871296 9416890
693239808 9231169
691142656 9197008
707526656 9412448
709099520 9419846
710672384 9430039
710803456 9424640
669122560 8920673
709099520 9418966
707395584 9423407
707919872 9415323
693895168 9223576
707133440 9421942
709099520 9422166
693239808 9222469
709492736 9426606
707526656 9428007
708050944 9403655
717750272 9569672
717881344 9567894
717750272 9569297
717881344 9567784
717881344 9567806
717750272 9567488
717750272 9567646
710541312 9432694
714866688 9527040
709492736 9438169
