701235200 9345394
710934528 9428975
708050944 9410830
693370880 9194947
693895168 9191633
707264512 9411874
709361664 9409496
707395584 9425458
707395584 9409544
712638464 9467476
709885952 9436897
708050944 9430149
707526656 9417595
687079424 9137774
705953792 9407330
707395584 9413048
694288384 9227176
707919872 9388022
706084864 9401668
706609152 9408697
717750272 9569783
717750272 9567103
717750272 9568457
717750272 9566748
717881344 9569960
717881344 9567428
717750272 9567315
710410240 9424994
714997760 9529116
709099520 9444969
