704380928 9253034
710803456 9327797
706871296 9317720
693239808 9110330
691142656 9074006
707526656 9311861
709099520 9318360
710672384 9331895
710803456 9324136
669122560 8871394
709099520 9318774
707395584 9321547
707919872 9316180
693895168 9118916
707133440 9323462
709099520 9320369
693239808 9099326
709492736 9324735
707526656 9328153
708050944 9305330
717750272 9563322
717881344 9563514
717750272 9563044
717881344 9563172
717881344 9562827
717750272 9563205
717750272 9563401
710541312 9331917
714866688 9498447
709492736 9337668
