701235200 9241568
710934528 9328704
708050944 9310575
693370880 9087921
693895168 9071486
707264512 9312323
709361664 9311006
707395584 9325919
707395584 9308661
712638464 9333292
709885952 9337646
708050944 9331478
707526656 9316361
687079424 9033062
705953792 9307840
707395584 9314492
694288384 9088665
707919872 9289137
706084864 9303371
706609152 9308906
717750272 9563259
717750272 9562858
717750272 9562898
717750272 9562658
717881344 9563900
717881344 9563315
717750272 9562433
710410240 9326808
714997760 9497304
709099520 9344614
