1405616128 18494602
1421737984 18656501
1414922240 18628295
1386610688 18198251
1385037824 18145492
1414791168 18624184
1418461184 18629366
1418067968 18657814
1418199040 18632797
1381761024 18204686
1418985472 18656420
1415446528 18653025
1415446528 18632541
1380974592 18151978
1413087232 18631302
1416495104 18634861
1387528192 18187991
1417412608 18613872
1413611520 18631524
1414660096 18614236
1435500544 19126581
1435631616 19126372
1435500544 19125942
1435631616 19125830
1435762688 19126727
1435631616 19126520
1435500544 19125834
1420951552 18658725
1429864448 18995751
1418592256 18682282
